SubjectID, DeviceId, BlockOrder
00, HoloLens, 123
Block, RepetitionIndex, RandomizedTrials [[shadow_condition, height_condition, likert_rating, elapsed_time], ...]
1, 1, [[2,1,3,0.6290308], [1,0,3,0.1822331], [3,1,3,0.1331172], [3,0,3,0.1652173], [2,0,3,0.1490139], [1,1,3,0.1656178], [0,1,3,0.1325798], [0,0,3,0.1660851], ]
1, 2, [[0,1,2,0.7786339], [3,1,2,0.1329031], [0,0,2,0.1652957], [1,0,2,0.1665452], [2,0,2,0.148621], [1,1,2,0.1325095], [2,1,2,0.1489804], [3,0,2,0.1654112], ]
1, 3, [[3,0,1,0.8944569], [0,1,1,0.1495617], [3,1,1,0.1817707], [2,1,1,0.1661159], [0,0,1,0.115611], [1,0,1,0.1158719], [1,1,1,0.1491018], [2,0,1,0.1494962], ]
1, 4, [[1,1,4,0.828447], [0,0,4,0.1660287], [0,1,4,0.1648191], [1,0,4,0.1490984], [2,1,4,0.1327117], [2,0,4,0.1654898], [3,1,4,0.1493949], [3,0,4,0.1657422], ]
1, 5, [[2,1,5,0.7126667], [3,0,5,0.1491999], [0,0,5,0.1652104], [1,0,5,0.1822314], [0,1,5,0.1327307], [2,0,5,0.148903], [1,1,5,0.1657807], [3,1,5,0.1158522], ]
1, 6, [[0,0,1,0.7783042], [3,0,1,0.1660481], [3,1,1,0.1654422], [2,1,1,0.16559], [1,0,1,0.1657935], [2,0,1,0.1655134], [1,1,1,0.13248], [0,1,1,0.1330649], ]
1, 7, [[1,0,2,0.7954535], [1,1,2,0.1822372], [2,1,2,0.1819759], [3,1,2,0.1328225], [2,0,2,0.165377], [0,1,2,0.1491012], [3,0,2,0.149828], [0,0,2,0.1655557], ]
1, 8, [[3,0,3,0.6626439], [3,1,3,0.1822459], [1,0,3,0.1489274], [0,1,3,0.1822349], [2,1,3,0.1666085], [0,0,3,0.148335], [2,0,3,0.1491119], [1,1,3,0.1494026], ]
 
2, 9, [[3,1,4,0.7123643], [0,0,4,0.1660418], [3,0,4,0.1654784], [2,1,4,0.1489131], [0,1,4,0.1824304], [1,0,4,0.165638], [1,1,4,0.1329989], [2,0,4,0.1652282], ]
2, 10, [[0,1,5,0.5820633], [2,0,5,0.1654256], [2,1,5,0.1662161], [1,0,5,0.1651173], [0,0,5,0.1656676], [1,1,5,0.1491001], [3,1,5,0.1490999], [3,0,5,0.1656671], ]
2, 11, [[2,0,2,0.6298379], [3,1,2,0.1655581], [3,0,2,0.1819922], [2,1,2,0.1492075], [1,1,2,0.1655597], [0,0,2,0.1491582], [1,0,2,0.149042], [0,1,2,0.1491003], ]
2, 12, [[3,0,1,0.8612599], [1,0,1,0.1991452], [0,0,1,0.148753], [2,1,1,0.1656681], [1,1,1,0.182678], [0,1,1,0.1320872], [3,1,1,0.1494289], [2,0,1,0.1653396], ]
2, 13, [[2,0,3,1.142448], [0,1,3,0.1822327], [1,1,3,0.1491013], [0,0,3,0.1656664], [3,0,3,0.1826923], [3,1,3,0.1160035], [2,1,3,0.1654202], [1,0,3,0.1488513], ]
2, 14, [[2,0,2,0.6795278], [1,0,2,0.148895], [2,1,2,0.1823199], [1,1,2,0.1660218], [0,1,2,0.1487159], [3,0,2,0.1655194], [0,0,2,0.1494182], [3,1,2,0.1323941], ]
2, 15, [[3,1,4,0.5788067], [0,0,4,0.1656668], [2,1,4,0.165992], [2,0,4,0.1822337], [3,0,4,0.1656669], [1,1,4,0.1824753], [0,1,4,0.1489372], [1,0,4,0.149357], ]
2, 16, [[3,1,3,0.5634031], [0,0,3,0.1829724], [3,0,3,0.1647891], [1,1,3,0.1656668], [1,0,3,0.1658176], [2,0,3,0.1655166], [0,1,3,0.1492324], [2,1,3,0.1660838], ]
 
3, 17, [[1,0,5,0.7468392], [0,1,5,0.1823017], [2,0,5,0.1489648], [2,1,5,0.1823706], [3,0,5,0.1655292], [1,1,5,0.199241], [0,0,5,0.1653931], [3,1,5,0.1654992], ]
3, 18, [[3,0,2,1.805443], [2,1,2,0.1656668], [1,1,2,0.1822323], [3,1,2,0.1995073], [1,0,2,0.1483935], [0,1,2,0.1822899], [0,0,2,0.1825718], [2,0,2,0.1487384], ]
3, 19, [[0,1,3,0.761606], [3,0,3,0.1497633], [1,0,3,0.1652964], [2,1,3,0.182024], [0,0,3,0.182502], [2,0,3,0.1487463], [1,1,3,0.1822338], [3,1,3,0.149804], ]
3, 20, [[3,0,1,0.6456149], [0,0,1,0.1658077], [2,1,1,0.1658803], [1,0,1,0.1823562], [2,0,1,0.1325771], [3,1,1,0.1658997], [0,1,1,0.1484161], [1,1,1,0.2817564], ]
3, 21, [[0,0,5,1.010568], [3,0,5,0.1667053], [0,1,5,0.1817806], [2,0,5,0.1650815], [1,0,5,0.1827307], [3,1,5,0.1651694], [1,1,5,0.1331163], [2,1,5,0.165182], ]
3, 22, [[3,1,4,0.8449011], [1,1,4,0.1824775], [3,0,4,0.1985561], [0,0,4,0.1662256], [2,0,4,0.1651072], [2,1,4,0.1822342], [1,0,4,0.1325769], [0,1,4,0.1656224], ]
3, 23, [[2,0,5,0.811442], [0,1,5,0.1491007], [1,0,5,0.1822332], [3,1,5,0.1497483], [2,1,5,0.1650185], [1,1,5,0.1492919], [3,0,5,0.1326676], [0,0,5,0.2815533], ]
3, 24, [[2,0,4,0.6293496], [3,0,4,0.1821769], [2,1,4,0.1821949], [0,1,4,0.1822333], [1,1,4,0.1656651], [0,0,4,0.1822342], [3,1,4,0.149877], [1,0,4,0.1485447], ]
